-0.125712 -0.531177 -0.308034 -0.531176 -0.125713 0.279753 0.0284384 
0.175243 -0.0478996 0.175243 0.511715 -0.741048 -0.0479005 -0.0479005 
-0.741048 0.175243 -0.335583 -0.335583 -0.0479005 -0.335583 -0.335583 
-0.125712 -0.125713 -0.125712 -0.308034 0.028439 -0.818859 -0.308034 

0.16197 0.0284384 -0.125712 -0.125712 -0.531177 -0.308034 0.0284384 
-0.0479005 -0.0479006 0.175243 0.511715 -0.741048 0.175243 -0.0479005 
-1.43419 -0.741048 -0.335583 -0.335583 0.357565 -0.0479005 -0.335583 
-0.125712 -0.125712 -0.308034 -0.818859 0.0284384 -0.308034 -0.308034 

0.0284384 0.0284384 -0.531177 0.279753 -0.125712 -0.531177 0.0284384 
-0.741048 -0.741048 -0.335583 -0.0479005 -0.0479005 0.175243 -0.335583 
-0.335583 -0.0479005 0.175243 -0.741048 -0.0479006 0.357565 -0.335583 
0.0284384 -0.125712 0.0284384 -0.531177 -0.308034 -0.531177 -0.125712 